28960 32079 33142 20457 7444 7921 0 17514 14668 36468 27778 32319 28469 18872 18835 30752 30533 38962 7801 16648 5144 3399 9108 14824 3011 3179 0 9078 4332 9713 5251 15561 21017 8800 5209 9991 11469 11415 3016 5082 5337 4199 10608 7318 2758 2064 0 6023 5689 8802 5257 14545 8828 6429 7529 11216 6760 19039 3136 4388
32079 37296 22660 28006 11138 10099 0 24789 17985 36032 26565 46564 37903 24656 26116 26784 32144 45883 9716 15130 4462 3561 4928 13640 3485 3005 0 9170 3946 7760 4045 15624 20038 8659 5597 6499 9283 10749 3070 3682 6591 4115 7158 10404 4119 2636 0 8345 6723 8575 5325 21299 11625 7818 10417 9023 7543 21690 4406 4091
33142 22660 15274 16218 4930 5674 0 13496 10500 24049 20036 24648 20737 14041 24242 12397 20113 25315 5140 8045 6953 2893 5996 16162 3157 3126 0 9544 4192 8619 4416 15956 22396 9608 10832 5156 11062 10294 2888 3227 8100 3130 5092 8436 2236 1815 0 6447 4898 7225 4726 16695 8692 6121 12913 4682 5444 17242 2982 2556
20457 28006 16218 30806 6517 7888 0 21637 10882 24819 18614 46206 34102 17594 14697 16137 23295 35244 8237 10293 8884 5973 12176 58166 7148 7492 0 27368 7572 16871 7970 54268 69384 20813 12235 12591 21910 29103 8466 7643 7234 5566 11321 32268 5091 5231 0 18830 8711 12945 6572 60427 29350 13416 12985 11635 13048 44480 9462 5587
7444 11138 4930 6517 3020 2510 0 6215 4119 8568 6540 10957 8389 5801 5146 6295 7182 10627 2315 4174 2152 1671 2721 8090 2092 2018 0 5561 2132 4077 2149 9917 10753 4821 2832 3614 4366 6014 1832 2057 2257 1786 2451 4448 1762 1158 0 4049 2357 3177 1700 9332 4882 3132 3444 3190 2765 8468 2010 1610
7921 10099 5674 7888 2510 12968 0 6539 4539 10419 7193 12063 10059 5830 5576 6437 8328 11599 3011 4672 2339 1524 2776 9214 2091 5078 0 5871 1961 4680 1978 10193 12609 4578 2751 3015 5005 5890 2003 2205 2027 1394 2366 4839 1361 3429 0 3831 2297 3547 1969 9647 5159 2849 3057 2798 2832 8775 2145 1682
0 0 0 0 0 0 0 0 0 0 0 0 0 0 0 0 0 0 0 0 0 0 0 0 0 0 0 0 0 0 0 0 0 0 0 0 0 0 0 0 0 0 0 0 0 0 0 0 0 0 0 0 0 0 0 0 0 0 0 0
17514 24789 13496 21637 6215 6539 0 18714 9768 21725 16539 34486 26561 15500 12968 14991 19244 28047 7158 9829 6107 4360 7782 30252 5084 5333 0 18971 5502 11859 5618 31390 39447 14092 7786 8957 13594 18694 5740 5425 5719 4431 8453 18274 4636 3935 0 14434 6758 10011 5428 36365 18489 10497 10109 9369 9124 28879 7064 4579
14668 17985 10500 10882 4119 4539 0 9768 8516 17568 13814 17690 14299 9200 10597 11252 15055 18724 3919 6599 3494 2339 4409 10456 2478 2430 0 6882 3380 6720 3424 11728 14790 6213 4160 4969 7968 7872 2257 2779 3819 2771 4148 5972 1930 1543 0 4664 4236 5697 3473 12143 6623 3978 5592 4839 4746 13668 2464 2204
36468 36032 24049 24819 8568 10419 0 21725 17568 43172 30555 39180 33143 20517 25671 25119 34255 44120 8876 15977 8319 4439 8750 22929 4765 5522 0 14635 6638 15767 8116 24369 31463 12311 9640 10149 17144 17144 4620 6147 8397 5073 9086 12062 3568 3457 0 9465 7807 12569 7112 23348 13712 8063 12216 9814 9715 27252 4989 4962
27778 26565 20036 18614 6540 7193 0 16539 13814 30555 26998 27268 23553 16516 19133 17685 25914 31123 6524 11444 5253 2742 5507 12172 2692 2665 0 8289 4202 8803 5593 12063 16603 7220 5605 5554 10104 8957 2634 3389 4992 3073 5769 6577 2108 1909 0 5223 4735 7436 4852 12148 7138 5061 6634 5564 5883 14623 2891 2631
32319 46564 24648 46206 10957 12063 0 34486 17690 39180 27268 82602 55769 27397 23290 28827 36419 56684 13014 17042 11170 8607 14036 68830 9820 10221 0 34940 10201 21935 9549 78153 91385 26335 14863 17341 27201 40511 10709 10123 11490 9265 17715 47490 9243 8063 0 29747 14599 19806 10138 103603 47836 21544 21378 21163 20089 70341 14915 9445
28469 37903 20737 34102 8389 10059 0 26561 14299 33143 23553 55769 42984 21244 20128 22395 30971 49196 10580 13770 12323 8176 16180 66723 8971 9984 0 34619 10538 22663 10515 69955 94262 25814 16930 18320 29693 40967 10817 10093 9426 7054 13128 32141 6096 6168 0 20658 10671 15702 8116 66733 34089 14322 16460 14622 15704 57998 11002 6703
18872 24656 14041 17594 5801 5830 0 15500 9200 20517 16516 27397 21244 14232 12845 14403 17740 24346 6119 9302 5514 3957 7584 21980 4315 4042 0 13835 4789 9886 4830 23064 28382 11564 7246 8124 11129 13769 4412 4413 6388 3924 7505 12958 3513 2835 0 10120 5498 7996 5024 24762 12629 7921 9101 7876 7157 21129 4948 4022
18835 26116 24242 14697 5146 5576 0 12968 10597 25671 19133 23290 20128 12845 13378 22314 21442 26019 5458 11160 4666 3509 11307 16752 3442 3276 0 10194 4276 9799 4976 17371 23779 9631 5911 11843 11901 12003 3084 4940 4695 4581 11662 9197 2876 2013 0 7001 5782 8621 4898 18273 10543 6540 8065 12460 6708 21630 3480 4005
30752 26784 12397 16137 6295 6437 0 14991 11252 25119 17685 28827 22395 14403 22314 16538 21176 28593 5947 9906 6910 3419 4555 15641 3734 3328 0 10297 4470 9192 4185 18008 23554 9462 10572 6886 10871 12247 3162 3998 8820 3826 4293 8893 3119 2215 0 7020 5282 7822 4399 19613 10070 6375 13244 6459 6421 20229 3746 3299
30533 32144 20113 23295 7182 8328 0 19244 15055 34255 25914 36419 30971 17740 21442 21176 29366 39699 7988 13479 8461 4767 9715 26258 4577 5070 0 15190 7147 14976 7929 27089 36382 12675 10509 10472 18729 18360 5127 6246 6927 4785 7699 12735 3264 2822 0 9201 7144 10528 6223 24569 13974 7403 10343 8665 8806 26494 5059 4443
38962 45883 25315 35244 10627 11599 0 28047 18724 44120 31123 56684 49196 24346 26019 28593 39699 61006 11489 17356 10255 7018 10655 45824 7445 7559 0 24966 7963 18749 8556 48454 67428 18739 11852 13707 22838 33180 7967 8162 13546 9258 16278 30537 7312 6464 0 21003 14336 20494 11126 62477 35310 16456 22310 19401 18780 68257 11398 8300
7801 9716 5140 8237 2315 3011 0 7158 3919 8876 6524 13014 10580 6119 5458 5947 7988 11489 3928 4360 2243 1816 2692 10977 1966 2062 0 6812 1977 4204 2120 11154 14464 5170 2867 3180 5205 7051 3018 2142 2505 2052 3218 7365 1891 1748 0 5770 2882 4286 2369 14538 7876 4219 4103 3814 4045 12411 3987 2073
16648 15130 8045 10293 4174 4672 0 9829 6599 15977 11444 17042 13770 9302 11160 9906 13479 17356 4360 8504 3793 1982 2937 9510 2145 2296 0 6306 2519 5848 2700 10294 12978 5102 4349 3955 6581 7217 2247 3708 4068 2181 2996 5250 1865 1501 0 4322 2999 4854 2603 10896 5894 3826 5632 3989 3861 10728 2224 2662
