28504 31880 30893 22351 6987 8014 56949 17888 14684 36346 27936 34392 29919 17579 19290 28871 31168 38871 8119 15411 5214 3597 9031 16516 3073 3284 10617 9591 4478 9980 5309 17190 22356 8621 5567 9922 12092 11769 3180 4902 4457 3615 8273 7005 2148 1925 6793 5353 4961 7926 4651 14101 7975 4995 6596 9141 5915 17197 2968 3372
31880 37614 23488 27503 10160 10167 58776 23452 17838 36535 27048 44708 37809 23301 25951 26585 32717 44991 9314 15017 4628 3712 5269 14165 3396 3192 9581 9340 4124 8175 4168 16192 20983 8610 5918 6716 9915 11158 3130 3823 5546 3729 6379 9091 3401 2476 6928 7021 5838 7781 4786 18703 10248 6550 8971 7973 6745 19362 3708 3486
30893 23488 17668 17937 5013 6082 41682 14062 11002 24349 20940 26912 22876 14364 22973 13481 21117 27031 5269 8442 6870 3121 7038 17904 3347 3269 8777 10075 4533 9070 4750 17770 24508 10246 10958 5912 12056 10849 3069 3446 6530 2944 5612 8431 2004 1884 5203 6012 4634 6814 4645 16609 8408 5581 10106 4871 5129 16450 2968 2386
22351 27503 17937 24832 5449 6936 41279 16625 11294 24870 19751 35177 29721 14638 16186 16319 23496 32353 6710 9974 9591 5963 13112 48730 6298 6795 18798 22943 7906 16997 8392 44244 61365 18486 13218 13025 22057 26945 7229 7574 6420 5278 10673 23059 3569 4166 10394 12145 7814 11339 5850 40546 23080 9688 11956 10462 10803 36798 6634 4587
6987 10160 5013 5449 2548 2220 13491 5147 4018 8190 6400 9101 7093 4893 5097 5914 6959 9329 1948 3820 2133 1640 2784 6991 1863 1767 4545 4668 2085 3967 1988 8449 9038 4362 2829 3564 4326 5202 1556 1864 1631 1522 2065 3107 1193 891 2369 2741 1853 2593 1377 6470 3469 2245 2559 2589 2086 6493 1435 1165
8014 10167 6082 6936 2220 12084 16259 5724 4597 10278 7321 10592 8991 5154 5727 6393 8180 10747 2584 4127 2387 1583 2858 8363 1864 4941 4841 5256 1977 4661 2026 9086 11452 4250 2833 3141 4989 5458 1777 2100 1688 1306 2183 3754 988 3058 2673 2844 1938 3083 1642 7450 4183 2216 2701 2570 2357 7133 1548 1264
56949 58776 41682 41279 13491 16259 112632 34118 27995 65689 48793 63410 57818 31883 40642 43342 57205 77677 15171 24875 10872 7010 10918 29610 6066 6415 21111 18843 8094 17976 9503 31246 41787 15688 11982 13326 20917 23419 6393 7812 9497 6688 11683 14559 4323 4006 15148 10915 9261 14395 8289 27898 16713 9339 14296 12711 11954 35421 6262 5516
17888 23452 14062 16625 5147 5724 34118 14266 9389 20965 16652 26744 21239 12621 13232 14627 18169 24773 5874 8905 6207 4256 8151 24583 4246 4677 13581 15040 5588 11547 5671 25947 32640 12161 8200 9172 13250 16588 4897 5086 4651 3951 7131 11896 3120 2942 7750 9045 5420 8141 4452 23943 12528 7145 8150 7683 6646 22262 4841 3425
14684 17838 11002 11294 4018 4597 27995 9389 8360 17560 13891 18285 14591 9034 10575 11254 15239 18734 3893 6345 3530 2394 4592 10683 2429 2423 6548 6854 3420 6774 3477 12042 14956 6192 4411 5099 8222 7661 2277 2709 3258 2480 3862 5690 1637 1414 4306 4074 3580 5120 3098 11419 6069 3418 4986 4369 4166 12289 2162 1952
36346 36535 24349 24870 8190 10278 65689 20965 17560 42504 31095 39202 32760 19777 25544 24760 34203 43186 8517 15522 8283 4671 9156 23099 4698 5399 14853 14385 6935 15465 8107 24626 31465 12124 9899 10304 17536 16931 4577 6104 7340 4620 8210 10747 2904 3142 9470 8035 6778 11122 6416 21142 11842 6717 10841 8753 8404 23848 4305 4253
27936 27048 20940 19751 6400 7321 48793 16652 13891 31095 27664 28551 24909 16467 19186 17834 26847 31795 6446 11222 5247 2806 5951 13194 2742 2824 8864 8547 4343 9193 5756 13186 17573 7512 5833 5824 10677 9382 2701 3449 4340 2738 5454 6112 1726 1679 5340 4596 4203 6691 4428 11198 6537 4221 5941 5137 5126 13299 2470 2273
34392 44708 26912 35177 9101 10592 63410 26744 18285 39202 28551 60792 46231 22511 25372 29045 35792 52595 10206 16095 11825 8441 15083 52458 8395 8838 24302 27889 10451 21514 9763 59349 74991 22297 16181 17946 26327 36842 8722 9581 10452 8757 16744 33095 6537 6405 16158 20222 13119 17550 9070 69168 36276 15629 19865 19433 16387 59830 10474 7667
29919 37809 22876 29721 7093 8991 57818 21239 14591 32760 24909 46231 39412 18179 21640 22593 31029 44721 8983 13237 12820 8552 17624 59976 8048 9186 25669 29838 10993 22768 10947 61428 87774 23568 18237 19329 30287 38357 9580 10088 7838 6529 11901 24652 4177 4983 12978 13702 9039 13242 7010 48016 28121 10439 14382 12805 13170 46909 7927 5360
17579 23301 14364 14638 4893 5154 31883 12621 9034 19777 16467 22511 18179 12196 12502 13836 17053 22309 5180 8414 5305 3874 7991 19394 4015 3744 10710 11927 4871 9600 4789 20005 25306 10500 7436 8257 10899 12696 3830 4228 4542 3483 6475 9495 2606 2232 5965 7001 4461 6615 4093 17852 9445 5953 7142 6517 5431 17367 3608 2975
19290 25951 22973 16186 5097 5727 40642 13232 10575 25544 19186 25372 21640 12502 14018 20820 21974 26869 5522 10505 4769 3696 11206 17682 3460 3322 10262 10398 4595 10024 5042 18806 24936 9732 6547 11512 12627 12440 3204 4911 4088 4120 9144 9197 2267 1972 6438 6163 5188 7988 4397 18209 10076 5406 7541 9652 6164 20195 3179 3288
28871 26585 13481 16319 5914 6393 43342 14627 11254 24760 17834 29045 22593 13836 20820 16942 21283 28772 5869 9694 6814 3598 5283 16349 3818 3449 9502 10514 4652 9320 4352 19127 24684 9528 10309 7551 11359 12556 3301 4049 7098 3450 4442 8333 2608 2209 5981 6186 4840 7193 4045 18714 9381 5582 10265 6413 5664 19135 3356 2932
31168 32717 21117 23496 6959 8180 57205 18169 15239 34203 26847 35792 31029 17053 21974 21283 30152 38897 7711 13079 8723 5112 10497 26451 4581 5023 14784 14819 7425 15264 8084 27107 36822 12595 11307 10956 19739 18468 5021 6210 6135 4420 7170 10912 2560 2579 8592 7154 6312 9287 5572 20566 12123 5874 9140 7745 7730 23032 4127 3773
38871 44991 27031 32353 9329 10747 77677 24773 18734 43186 31795 52595 44721 22309 26869 28772 38897 56600 10373 16762 9967 6994 11126 41076 6598 6787 22092 21881 8051 18018 8554 44280 59999 17190 12342 14035 22418 30073 7189 7840 11686 8567 14759 26004 5596 5429 18158 16507 12395 17994 9802 53134 29440 13428 20011 17627 16020 57062 9370 7060
8119 9314 5269 6710 1948 2584 15171 5874 3893 8517 6446 10206 8983 5180 5522 5869 7711 10373 3258 3848 2291 1781 2792 9002 1662 1767 5283 5649 1959 4027 2077 9272 12181 4439 2960 3166 5008 6307 2544 1925 2235 1854 2939 5214 1414 1343 3553 3973 2418 3615 1960 9901 5870 3041 3557 3377 3168 10201 2887 1666
15411 15017 8442 9974 3820 4127 24875 8905 6345 15522 11222 16095 13237 8414 10505 9694 13079 16762 3848 7818 3555 2076 3168 9457 1981 2115 5931 6001 2541 5841 2721 10097 12636 4889 4274 4047 6644 6949 2095 3424 3145 1904 2684 4287 1432 1265 3804 3273 2527 4162 2209 8986 4804 2982 4513 3362 3185 9242 1806 2221
